# 2*mu is    1.072000000     in [1/a]
   0.000000000      -0.662861103406685359       0.653752267109058115E-02
   1.000000000      -0.342138917422848576       0.512827281005504964E-02
   1.414213562      -0.237487149471303616       0.467380921426306661E-02
   1.732050808      -0.195427773133641569       0.437730188623331427E-02
   2.000000000      -0.196869469798693297       0.429478202949405957E-02
   2.236067977      -0.169896508942210811       0.398655954191248860E-02
   2.449489743      -0.155862307246153770       0.384036896917068450E-02
   2.828427125      -0.141795542094794141       0.366165866901213381E-02
   3.000000000      -0.142103145647831663       0.355687450456980544E-02
   3.000000000      -0.134715096436433535       0.342789417341402437E-02
   3.162277660      -0.130971958524584375       0.316739617641310792E-02
   3.316624790      -0.122781783899583524       0.302176678483528612E-02
   3.464101615      -0.118861667045301073       0.318489178096184600E-02
   3.605551275      -0.114429207193647603       0.284466254937787650E-02
   3.741657387      -0.108779460431642119       0.280382288348259880E-02
   4.000000000      -0.103698487376318815       0.291816738367810507E-02
   4.123105626      -0.985055308239086158E-01   0.261671012259020791E-02
   4.123105626      -0.954228926790919307E-01   0.280144902344539636E-02
   4.242640687      -0.937975240045982178E-01   0.262091703005068238E-02
   4.242640687      -0.932370313932468497E-01   0.241094670352127050E-02
   4.358898944      -0.893629095566867704E-01   0.259449873198083856E-02
   4.472135955      -0.874490521421851935E-01   0.243089370151381269E-02
   4.582575695      -0.830617107585188280E-01   0.233355718242102619E-02
   4.690415760      -0.769070990704647517E-01   0.269669580157794403E-02
   4.898979486      -0.725448447928853796E-01   0.242073808761549296E-02
   5.000000000      -0.725154659924074629E-01   0.254853724677943805E-02
   5.000000000      -0.707320751843854706E-01   0.225997659799870212E-02
   5.099019514      -0.699101482944897434E-01   0.238305842374775690E-02
   5.099019514      -0.680808696170046856E-01   0.226053410888448847E-02
   5.196152423      -0.672443650571901280E-01   0.214349589233217780E-02
   5.196152423      -0.637403409689296374E-01   0.275421476481655606E-02
   5.385164807      -0.619273694463269783E-01   0.204395894799759646E-02
   5.385164807      -0.594695216257327686E-01   0.239306644050255295E-02
   5.477225575      -0.600888359088307469E-01   0.199644296362712229E-02
   5.656854249      -0.535212019627619578E-01   0.215038717748201142E-02
   5.744562647      -0.537098014368524099E-01   0.208131799136837591E-02
   5.744562647      -0.517744015843221786E-01   0.210527988649851071E-02
   5.830951895      -0.523232686576643041E-01   0.201957717790864208E-02
   5.830951895      -0.491183502908259517E-01   0.248980952929538351E-02
   5.916079783      -0.497384816654898171E-01   0.195989148322794123E-02
   6.000000000      -0.483445120350787516E-01   0.265419679830647664E-02
   6.000000000      -0.452811035641275603E-01   0.226174239999248679E-02
   6.082762530      -0.474992591012889584E-01   0.226973063245495665E-02
   6.164414003      -0.462345689093960413E-01   0.207624291020925547E-02
   6.164414003      -0.440957811837966798E-01   0.196123301157617941E-02
   6.324555320      -0.422710938981264300E-01   0.192876464055909743E-02
   6.403124237      -0.405832548561205694E-01   0.179590962593955067E-02
   6.403124237      -0.381633529766926688E-01   0.216414613582856111E-02
   6.403124237      -0.380189099659084817E-01   0.238828448356153506E-02
   6.480740698      -0.374881304253008862E-01   0.198109297153118173E-02
   6.557438524      -0.366543485337629954E-01   0.208227568582628961E-02
   6.633249581      -0.368431434419701428E-01   0.184293822677123386E-02
   6.708203932      -0.364412877459333109E-01   0.191706788952455834E-02
   6.708203932      -0.332112876417475222E-01   0.193171319003450641E-02
   6.782329983      -0.340893028529172387E-01   0.168493445832093146E-02
   6.928203230      -0.278690251156644420E-01   0.246569973022347155E-02
   7.000000000      -0.307824526293853269E-01   0.290563142141851780E-02
   7.000000000      -0.303477389835219574E-01   0.166744694843407276E-02
   7.071067812      -0.309185215505942412E-01   0.244481878289599334E-02
   7.071067812      -0.280235581785877250E-01   0.212340151180239346E-02
   7.071067812      -0.265294748862636084E-01   0.227324635005004454E-02
   7.141428429      -0.295417780638699279E-01   0.213812544616360459E-02
   7.141428429      -0.259751807023434755E-01   0.205483239792259281E-02
   7.211102551      -0.268630871284241332E-01   0.186323479248898748E-02
   7.280109889      -0.266404385973138258E-01   0.193871927544055794E-02
   7.280109889      -0.250199529957988512E-01   0.173422854701088753E-02
   7.348469228      -0.264271347436741133E-01   0.172727159659409667E-02
   7.348469228      -0.254714241255491955E-01   0.183547119313487201E-02
   7.348469228      -0.238503110938769712E-01   0.191287765799422129E-02
   7.483314774      -0.225622560463817172E-01   0.170230520215835786E-02
   7.549834435      -0.240972285092472399E-01   0.177764573669956811E-02
   7.549834435      -0.208704474346216723E-01   0.217422200700751302E-02
   7.615773106      -0.221666619753210919E-01   0.170648992035636864E-02
   7.681145748      -0.222781204179084182E-01   0.156257452678876057E-02
   7.681145748      -0.196402831718663524E-01   0.200308224375403063E-02
   7.810249676      -0.190191939161347898E-01   0.175775933523213807E-02
   7.810249676      -0.174209885797341063E-01   0.195053149253449120E-02
   7.874007874      -0.201336188576675748E-01   0.164352421421109802E-02
   7.874007874      -0.170994924754490941E-01   0.188214693470758164E-02
   8.000000000      -0.192528354431041361E-01   0.243589944473011129E-02
   8.062257748      -0.187599555713982048E-01   0.204815513917619993E-02
   8.062257748      -0.167308011064922248E-01   0.156795600161154219E-02
   8.062257748      -0.158289246002460450E-01   0.179581314003550191E-02
   8.124038405      -0.182044646218751070E-01   0.186372595482652502E-02
   8.124038405      -0.160560568936386032E-01   0.146326060498608475E-02
   8.124038405      -0.143047949368342482E-01   0.214308782462646012E-02
   8.185352772      -0.165627275352655465E-01   0.162376509348788919E-02
   8.246211251      -0.153114622621500444E-01   0.177570797541732879E-02
   8.246211251      -0.137089882784490729E-01   0.192782473608367998E-02
   8.306623863      -0.154842593954873584E-01   0.163355913251389930E-02
   8.306623863      -0.137640966272015528E-01   0.160805763683278071E-02
   8.366600265      -0.131954090099202156E-01   0.172287704131402473E-02
   8.485281374      -0.139545780385318778E-01   0.154189135153399667E-02
   8.485281374      -0.108517603637277461E-01   0.210177023242243350E-02
   8.544003745      -0.125329099762095698E-01   0.140593769443532360E-02
   8.544003745      -0.113708211077716958E-01   0.191487082380344814E-02
   8.602325267      -0.129854895162949732E-01   0.136471229230931577E-02
   8.602325267      -0.121787169107969960E-01   0.158447391990087713E-02
   8.602325267      -0.106983371424973790E-01   0.169251711398132258E-02
   8.660254038      -0.106625445198505284E-01   0.157136761562152029E-02
   8.660254038      -0.874776139591159664E-02   0.262983680897398197E-02
   8.717797887      -0.108478161566402075E-01   0.171180300467355822E-02
   8.774964387      -0.112725158304843275E-01   0.134389559990922723E-02
   8.774964387      -0.108920273345885534E-01   0.193224954350344411E-02
   8.831760866      -0.100899871838074501E-01   0.153577623741261451E-02
   8.944271910      -0.107490860402561471E-01   0.132491392350650135E-02
   9.000000000      -0.119350172064756066E-01   0.236523030424714989E-02
   9.000000000      -0.941501133289186429E-02   0.124491584503492341E-02
   9.000000000      -0.941345781235899959E-02   0.167131394568312275E-02
   9.000000000      -0.887985570502908099E-02   0.159879277060145019E-02
   9.055385138      -0.114286981612445396E-01   0.195384780780169130E-02
   9.055385138      -0.982237064368367274E-02   0.138387620740919120E-02
   9.110433579      -0.106781260978921280E-01   0.176454021521179499E-02
   9.110433579      -0.884280550367180437E-02   0.151951575868152573E-02
   9.165151390      -0.798789037620284588E-02   0.123541478665685814E-02
   9.219544457      -0.946515102607451732E-02   0.166285652838900387E-02
   9.219544457      -0.694985630350280527E-02   0.176210061073662160E-02
   9.273618495      -0.864915690470596452E-02   0.141670361000311969E-02
   9.273618495      -0.696025419681737222E-02   0.217651854364994245E-02
   9.273618495      -0.640066512182790176E-02   0.152973477330745110E-02
   9.380831520      -0.801677361163216987E-02   0.192195568544688169E-02
   9.433981132      -0.710163788873487915E-02   0.129627833298857150E-02
   9.433981132      -0.686384039082833363E-02   0.128372282884642135E-02
   9.433981132      -0.649198854502208104E-02   0.144421490658578570E-02
   9.433981132      -0.635833772501807112E-02   0.130214935115720971E-02
   9.486832981      -0.704770099798799916E-02   0.137564744459586514E-02
   9.486832981      -0.697765310947141577E-02   0.167373881627687327E-02
   9.486832981      -0.544658432059774017E-02   0.130983033719438472E-02
   9.539392014      -0.652313154659208642E-02   0.123349306601482750E-02
   9.643650761      -0.551892319527866673E-02   0.124181502461122610E-02
   9.695359715      -0.593732005192821287E-02   0.112402677245121560E-02
   9.695359715      -0.569221262778186413E-02   0.154602918693553257E-02
   9.797958971      -0.529316178702595504E-02   0.144777322380483736E-02
   9.848857802      -0.583344935867357792E-02   0.121268225913453639E-02
   9.848857802      -0.447128757596697551E-02   0.219310937406212367E-02
   9.899494937      -0.495103212463653391E-02   0.121548484157648316E-02
   9.899494937      -0.434035627519696945E-02   0.112061347887647050E-02
   9.899494937      -0.183087894019266610E-02   0.174755675620565619E-02
   9.949874371      -0.567748640198877368E-02   0.177943574130086358E-02
   9.949874371      -0.485044651042269587E-02   0.127069109141731470E-02
   9.949874371      -0.201704551048614844E-02   0.143223067749162643E-02
   10.00000000      -0.572315582267577273E-02   0.261325066649558844E-02
   10.00000000      -0.397474833756450256E-02   0.140478328671728809E-02
   10.04987562      -0.552031348360022996E-02   0.214715377084478834E-02
   10.04987562      -0.511160696988390267E-02   0.157073557468560138E-02
   10.04987562      -0.380844887456205893E-02   0.134482480417985606E-02
   10.04987562      -0.342224414359562374E-02   0.114007572674837778E-02
   10.09950494      -0.498104498772540885E-02   0.178962622013153919E-02
   10.09950494      -0.314925731875011217E-02   0.144695737411702947E-02
   10.19803903      -0.398320321870761218E-02   0.171017967659041698E-02
   10.19803903      -0.317800980265361965E-02   0.123315802153076051E-02
   10.24695077      -0.412229917612809849E-02   0.145576783451376794E-02
   10.24695077      -0.388627926699689451E-02   0.139103252605879283E-02
   10.29563014      -0.408986323195775596E-02   0.123848381226329988E-02
   10.29563014      -0.199121237493654624E-02   0.131981186526844148E-02
   10.34408043      -0.349333033861708685E-02   0.149579498059111931E-02
   10.34408043      -0.123013282879460249E-02   0.120394912407630322E-02
   10.39230485      -0.403727057484427540E-02   0.140634496314096663E-02
   10.39230485      -0.307707890441497479E-02   0.264966480034830795E-02
   10.44030651      -0.298793114979864233E-02   0.144459628946615572E-02
   10.44030651      -0.287694143221641635E-02   0.124141567189803878E-02
   10.48808848      -0.368110422698653388E-02   0.181403000672201585E-02
   10.48808848      -0.344781692992465402E-02   0.130459483803416340E-02
   10.48808848      -0.183444256846526568E-02   0.111096290489552337E-02
   10.63014581      -0.383529860002608004E-02   0.130659417940751804E-02
   10.63014581      -0.325266416526206591E-02   0.136615581369446530E-02
   10.63014581      -0.800314446973173638E-03   0.151125277049992453E-02
   10.67707825      -0.362263506026753480E-02   0.151268621830325596E-02
   10.67707825      -0.293239269116863602E-02   0.157901599446452247E-02
   10.67707825      -0.130132388622877532E-02   0.145310421195022667E-02
   10.72380529      -0.137088067846338757E-02   0.109361927519107814E-02
   10.77032961      -0.263937053402646133E-02   0.131253129554237857E-02
   10.77032961      -0.235857379495995646E-02   0.138244251312189719E-02
   10.81665383      -0.225511812193918571E-02   0.125188341329618901E-02
   10.81665383      -0.185686015102001691E-02   0.140928466927913712E-02
   10.81665383      -0.159960884635541953E-02   0.129662509168968214E-02
   10.86278049      -0.358162706252435157E-02   0.127571725496530581E-02
   10.86278049      -0.135387015149607878E-02   0.115969130804158683E-02
   10.95445115      -0.172576300998408035E-02   0.117515718234340364E-02
   11.00000000      -0.292977320108003987E-02   0.218186274789120482E-02
   11.00000000      -0.941968367484220630E-03   0.101492998546301168E-02
   11.00000000      -0.542581885469863544E-03   0.246962887199966060E-02
   11.04536102      -0.202199878275797183E-02   0.136573812122693715E-02
   11.04536102      -0.142205141113401368E-02   0.114589630659198811E-02
   11.04536102       0.664006264878384822E-04   0.215178118515440631E-02
   11.09053651      -0.318190445694302177E-02   0.163399040309361696E-02
   11.09053651      -0.396794144417593996E-03   0.190859133680328888E-02
   11.18033989      -0.233705476889698675E-02   0.111826618327394607E-02
   11.18033989      -0.176495170931210109E-02   0.160580284887559908E-02
   11.18033989      -0.896536457185797761E-03   0.176710218415907557E-02
   11.18033989       0.244363774014673581E-03   0.133244459076984007E-02
   11.22497216      -0.107998911647998533E-02   0.153836858771551018E-02
   11.22497216      -0.219921681334066081E-03   0.109964722017200545E-02
   11.22497216       0.547294580441359292E-03   0.124783516218248303E-02
   11.31370850      -0.864969373570555720E-03   0.183459899140442904E-02
   11.35781669      -0.218401888345877340E-02   0.145131232971920784E-02
   11.35781669      -0.112030643868476533E-02   0.156511821783239784E-02
   11.35781669      -0.830686228796173598E-03   0.150437684445900379E-02
   11.35781669      -0.198707579870397583E-03   0.107756632194537993E-02
   11.40175425      -0.213217021426300932E-02   0.137357967757552194E-02
   11.40175425      -0.130896440139975645E-02   0.149902803294499364E-02
   11.44552314      -0.198829400753789158E-02   0.136477513246576528E-02
   11.44552314      -0.176907698677887179E-02   0.129487656566220754E-02
   11.44552314      -0.104758574747634576E-02   0.137389087658760893E-02
   11.48912529      -0.177711655907531081E-02   0.113096477837449131E-02
   11.48912529      -0.125348769568683297E-02   0.146014838688072633E-02
   11.53256259      -0.599993543112420542E-03   0.111529569062935783E-02
   11.57583690      -0.297465078457410676E-02   0.200914850515348424E-02
   11.57583690      -0.199693481321115349E-02   0.130055918821881636E-02
   11.57583690      -0.801785565671369292E-03   0.127316649901376353E-02
   11.57583690      -0.358317176808071146E-03   0.958432390197094743E-03
   11.66190379      -0.155217531486875719E-02   0.175055371584738177E-02
   11.66190379       0.103543149649088125E-02   0.123570678223470782E-02
   11.70469991      -0.129012526151124022E-02   0.152701158235698554E-02
   11.70469991      -0.861312948671815945E-03   0.147000971258519093E-02
   11.70469991       0.869831661529657171E-03   0.104760441135803004E-02
   11.74734012      -0.208211357275664335E-02   0.149899212252264653E-02
   11.74734012      -0.171104157554716370E-02   0.131814920354815252E-02
   11.78982612      -0.289825865866914865E-02   0.127083418186758781E-02
   11.78982612      -0.534639756549968453E-03   0.122690864489862048E-02
   11.83215957       0.381069889714107449E-03   0.971220366289184166E-03
   11.87434209      -0.194748165614124554E-02   0.119274627469841631E-02
   11.87434209      -0.110224879934843738E-02   0.104196887415110599E-02
   11.91637529      -0.380875382568392901E-03   0.121522360915378284E-02
   12.00000000      -0.172251540603209031E-02   0.152257788476177014E-02
   12.00000000      -0.538685329689410006E-04   0.253032788673290604E-02
   12.04159458      -0.180896060864255874E-02   0.164566215852425643E-02
   12.04159458      -0.134095360432774646E-03   0.191423714287133916E-02
   12.04159458       0.920607320617754937E-05   0.912375373100460241E-03
   12.08304597      -0.209122337329373806E-02   0.116454456367428585E-02
   12.08304597      -0.202660769800569202E-02   0.145280111829109771E-02
   12.08304597      -0.551376178967203593E-03   0.149484185533066676E-02
   12.08304597      -0.123687075647681624E-03   0.121712114173075283E-02
   12.08304597       0.217305204751736501E-03   0.178507957269646031E-02
   12.12435565      -0.344553249850624958E-02   0.226888666891014376E-02
   12.12435565      -0.442722651263870084E-03   0.128718123765222438E-02
   12.16552506      -0.204076686177217560E-03   0.170141621616445469E-02
   12.20655562      -0.181666412903377884E-02   0.159824918021328954E-02
   12.20655562      -0.163361379855569500E-02   0.143873822968286556E-02
   12.20655562      -0.125556690748286452E-03   0.164414773689805028E-02
   12.20655562       0.307006190712410133E-03   0.141470944139827632E-02
   12.24744871      -0.122854565725826056E-02   0.130448579378555354E-02
   12.24744871      -0.462846570542603877E-03   0.112659384434199102E-02
   12.24744871      -0.238671710238277240E-03   0.124336249353583376E-02
   12.32882801      -0.195207158920112506E-03   0.102989057225925224E-02
   12.32882801       0.801384420020080385E-03   0.168759494811348849E-02
   12.36931688      -0.269621779755816566E-02   0.120123050905087737E-02
   12.36931688      -0.171336902471356948E-02   0.144101143986568496E-02
   12.36931688      -0.104868093328603805E-02   0.136339500797599323E-02
   12.36931688      -0.816682113297904910E-03   0.159721641867330028E-02
   12.36931688      -0.374208920142227175E-03   0.100675382822659819E-02
   12.40967365      -0.404571219247636376E-03   0.132811720043983983E-02
   12.40967365      -0.195718287127154191E-03   0.139226781625951786E-02
   12.44989960      -0.795554369675296850E-03   0.125140102438915960E-02
   12.44989960      -0.269710490007923388E-03   0.991064371058841473E-03
   12.52996409       0.429181494621265220E-03   0.130691386139780664E-02
   12.52996409       0.174009555049952627E-02   0.139609583056365667E-02
   12.56980509      -0.455092733675457883E-03   0.933925075800066582E-03
   12.56980509       0.879877235063068232E-03   0.116958097554542909E-02
   12.64911064      -0.438552286515046970E-03   0.146719094323165202E-02
   12.68857754      -0.670953997352927416E-03   0.139259085520731163E-02
   12.68857754      -0.387869468034489091E-03   0.116687895148755833E-02
   12.68857754      -0.296723273952092387E-03   0.125920351209447899E-02
   12.68857754       0.630652169345615431E-03   0.106437023707700346E-02
   12.72792206      -0.232844639484394277E-02   0.184015189217451650E-02
   12.72792206      -0.189215407212750281E-02   0.134287911013002961E-02
   12.72792206      -0.136608582033542541E-02   0.111694557057315995E-02
   12.72792206      -0.170675354409654308E-03   0.183704509510772642E-02
   12.76714533      -0.998311112031821310E-03   0.154745704103942980E-02
   12.80624847      -0.197853917371516169E-02   0.157586808388652817E-02
   12.80624847      -0.665027214368101287E-03   0.128700379578664914E-02
   12.80624847       0.248644535344076916E-03   0.142611245342253454E-02
   12.84523258      -0.442441191527831804E-03   0.136587128039457285E-02
   12.84523258       0.135316878416071127E-03   0.108284415677736400E-02
   12.88409873      -0.200969004922104105E-02   0.138485974317853130E-02
   12.88409873      -0.125227475900357424E-02   0.132875641659960220E-02
   12.88409873       0.262621294715420246E-03   0.100734253941232258E-02
   12.96148140      -0.325013698836655075E-03   0.130163558303597084E-02
   13.00000000      -0.145236355242212619E-02   0.117100885634345586E-02
   13.00000000       0.254804107342313825E-03   0.246765880916813372E-02
   13.00000000       0.955742144134108171E-03   0.156756356970921785E-02
   13.03840481      -0.339618194928178931E-03   0.122966790969570119E-02
   13.03840481      -0.317836077762612915E-03   0.189727304913493429E-02
   13.03840481       0.546384771061883198E-03   0.146373748235941294E-02
   13.03840481       0.110048132606757566E-02   0.138417918459849787E-02
   13.07669683      -0.138490056368595522E-02   0.145737869195508856E-02
   13.07669683      -0.348300203697621009E-03   0.178070861127345176E-02
   13.07669683       0.496313643742057886E-07   0.138849385814811721E-02
   13.07669683       0.208653725564042925E-03   0.109852758129856329E-02
   13.11487705      -0.101320931810175647E-02   0.121076583903680568E-02
   13.15294644      -0.685406029722098430E-03   0.105133743927965742E-02
   13.15294644      -0.372369404701179685E-03   0.176762648876847774E-02
   13.15294644       0.131349458652189367E-03   0.121611391262734089E-02
   13.15294644       0.496688195345343537E-03   0.122496852784425192E-02
   13.19090596      -0.393181273053191862E-03   0.111004928444948642E-02
   13.19090596      -0.624410419016062021E-04   0.168187525293227451E-02
   13.19090596       0.455577335839717559E-03   0.992396368033632422E-03
   13.26649916      -0.189208561929612691E-02   0.114962829597753304E-02
   13.30413470      -0.232642447548833762E-02   0.180424554617316236E-02
   13.30413470       0.908618493522591209E-03   0.173090223600005401E-02
   13.34166406      -0.996241084378540103E-03   0.155166175194491472E-02
   13.34166406      -0.587612336395390220E-03   0.108536103249517383E-02
   13.34166406       0.521807382236383604E-03   0.136029525928341535E-02
   13.37908816      -0.122044062203893050E-02   0.160983005252317204E-02
   13.37908816      -0.842467688077505952E-04   0.144175424014532328E-02
   13.37908816       0.502325978293475389E-03   0.932010193779396760E-03
   13.41640786       0.251346279411243222E-03   0.109493723282710052E-02
   13.41640786       0.227847765855284691E-02   0.154093525638641059E-02
   13.45362405      -0.153783135298486782E-02   0.135551516664530265E-02
   13.45362405       0.299717833398266756E-03   0.149995601950030717E-02
   13.45362405       0.896118127481798556E-03   0.132376741056472740E-02
   13.49073756      -0.139130945088378069E-02   0.125126391994859264E-02
   13.49073756      -0.355698972370119531E-03   0.138529037984803840E-02
   13.49073756       0.959436946208814569E-03   0.135310321968714546E-02
   13.56465997       0.664189831631733889E-03   0.120870779967747555E-02
   13.60147051      -0.133654009801574720E-02   0.119964642852612427E-02
   13.60147051      -0.883491409037429065E-03   0.114921585788574582E-02
   13.60147051      -0.669814456550326320E-03   0.136469000330719415E-02
   13.60147051      -0.785922041862279798E-04   0.144980786634747488E-02
   13.60147051       0.638260252496252942E-03   0.141218481961320427E-02
   13.63818170      -0.358376307728880666E-03   0.997306276379991913E-03
   13.63818170      -0.149467491926585320E-03   0.125200397927504909E-02
   13.63818170       0.581560959040643404E-03   0.142429645807275510E-02
   13.67479433       0.326301392002282826E-03   0.137146693883334484E-02
   13.67479433       0.533815242926442834E-03   0.125376769527997273E-02
   13.74772708      -0.568828142728744360E-03   0.109684315780601708E-02
   13.74772708      -0.238328411069041110E-03   0.112212101799817371E-02
   13.74772708       0.220673308830277113E-03   0.109924596233160784E-02
   13.74772708       0.521963410088473016E-03   0.132889919764957415E-02
   13.78404875       0.255789892682775979E-03   0.130341176677948559E-02
   13.85640646      -0.395576812824618117E-02   0.213244519368279003E-02
   13.89244399      -0.290264287393842768E-02   0.141942433849307523E-02
   13.89244399       0.106157762771531047E-02   0.145703755921242008E-02
   13.92838828      -0.284130685917515684E-02   0.139533385455769187E-02
   13.92838828      -0.119970402335962869E-02   0.168914293331539635E-02
   13.92838828       0.436803794486985246E-04   0.130025107561727773E-02
   13.92838828       0.405688493604768573E-03   0.112859786582506318E-02
   13.92838828       0.745074577780102491E-03   0.112182533463404737E-02
   13.92838828       0.116951266273768737E-02   0.139834694768707179E-02
   13.96424004      -0.117172624636784116E-02   0.110461775095168214E-02
   13.96424004       0.977669178343522696E-03   0.141618326986577567E-02
   14.00000000      -0.128283258645424045E-02   0.108168415379578933E-02
   14.00000000       0.126465613940012628E-03   0.267465572797426958E-02
   14.03566885      -0.531230232026711369E-03   0.212915572501148160E-02
   14.03566885       0.203408190784813269E-03   0.122966373658636914E-02
   14.03566885       0.528051857579949846E-03   0.109910714216117735E-02
   14.07124728      -0.136956519887391982E-02   0.135759590934260627E-02
   14.07124728      -0.943004485514681952E-03   0.199072193944798467E-02
   14.07124728      -0.504506118270129419E-03   0.135030378960500613E-02
   14.07124728       0.472825898699710855E-03   0.125730305042304571E-02
   14.14213562      -0.631000106810932545E-03   0.157416166229852389E-02
   14.14213562      -0.483550511198176580E-03   0.124463179776774504E-02
   14.14213562      -0.420362772105957808E-03   0.178727882225618285E-02
   14.17744688      -0.143566451449191664E-02   0.139822597631644317E-02
   14.17744688      -0.133223544415207187E-02   0.176500513668426660E-02
   14.17744688      -0.379912050435414136E-03   0.143607002847501272E-02
   14.17744688       0.478791798113639960E-03   0.108324316217926655E-02
   14.21267040       0.858981707270532052E-04   0.137822992271905342E-02
   14.21267040       0.138378745330393956E-03   0.100593883562900854E-02
   14.24780685      -0.726027359167795297E-03   0.126973689986992102E-02
   14.24780685      -0.119206890846509581E-03   0.135295475225966099E-02
   14.28285686      -0.121640191294252712E-02   0.156632687649502526E-02
   14.28285686      -0.615739552973079349E-03   0.140094115335606326E-02
   14.31782106      -0.291290243521967083E-02   0.114215783032095130E-02
   14.31782106      -0.508167092313873900E-03   0.162488509662780706E-02
   14.31782106       0.176510326832725697E-02   0.146270927745871743E-02
   14.35270009      -0.207187295143116844E-02   0.131335970318983454E-02
   14.35270009      -0.104247159845000364E-02   0.157274681826031029E-02
   14.35270009      -0.239088818585658607E-03   0.124631301768328342E-02
   14.35270009       0.104233092515643513E-02   0.124462505955034129E-02
   14.35270009       0.145764772772726588E-02   0.125097903339634856E-02
   14.42220510      -0.712769075198263664E-03   0.129542238400531719E-02
   14.45683229      -0.166990281676542116E-02   0.187433417722971014E-02
   14.45683229      -0.910947402979784149E-03   0.980369757323316720E-03
   14.45683229      -0.827695412991984831E-03   0.139266019476135135E-02
   14.45683229      -0.805141740645417495E-03   0.148952754054229586E-02
   14.45683229      -0.505735370423241121E-03   0.111725927379232302E-02
   14.45683229       0.999905049351912465E-03   0.116398029666359148E-02
   14.49137675      -0.178209632346110983E-02   0.133984028334049746E-02
   14.49137675      -0.854369763735087114E-03   0.103357746610514465E-02
   14.52583905       0.413393281701420617E-03   0.121344869286634741E-02
   14.52583905       0.552512768540731718E-03   0.166080703003216082E-02
   14.56021978       0.806361586384014926E-04   0.159152787291706927E-02
   14.56021978       0.123000397473757811E-02   0.988809768674468910E-03
   14.59451952      -0.393889966476826652E-03   0.140589052609294994E-02
   14.59451952       0.366856894781205332E-03   0.139424705732354992E-02
   14.62873884      -0.655420890438277674E-03   0.116407528881312390E-02
   14.62873884      -0.249847539701220436E-04   0.152929994119218671E-02
   14.69693846      -0.319264775087223533E-02   0.135080934105070126E-02
   14.69693846      -0.253595530641264125E-03   0.141168577933031120E-02
   14.69693846       0.692795719794688219E-03   0.130287157271541409E-02
   14.73091986       0.690184095571169838E-03   0.125414275266248201E-02
   14.73091986       0.102159894200311383E-02   0.100835082033609883E-02
   14.76482306      -0.151037790576456429E-02   0.109095644793404502E-02
   14.76482306       0.371711972989996996E-03   0.116930506513187389E-02
   14.76482306       0.101879438851942231E-02   0.150161968782743785E-02
   14.79864859      -0.256552656083864792E-02   0.146732950346611457E-02
   14.79864859      -0.180751406718957647E-02   0.133192893194377369E-02
   14.79864859       0.897471000330245759E-03   0.120417910292801929E-02
   14.86606875      -0.205310681756416553E-02   0.117657654722810086E-02
   14.86606875      -0.110116095935451413E-02   0.154954167226456388E-02
   14.86606875      -0.670584925664431935E-03   0.119041510781175324E-02
   14.86606875      -0.222585151213689977E-03   0.138101513549691163E-02
   14.86606875       0.270756541571904544E-03   0.144100487787475777E-02
   14.89966443      -0.526110739979010998E-03   0.138426604932214651E-02
   14.89966443      -0.387222560317801922E-03   0.128986619436673579E-02
   14.89966443       0.339024399800295570E-04   0.104602838845519104E-02
   14.96662955      -0.222566255963875526E-03   0.105134689482977266E-02
   15.00000000      -0.152879933963152295E-02   0.301671031639274938E-02
   15.00000000      -0.235825501338824675E-03   0.125013414455685018E-02
   15.00000000       0.350910291831048327E-04   0.131947757164678340E-02
   15.00000000       0.546106324990597997E-03   0.133870307618589907E-02
   15.00000000       0.133042243422580283E-02   0.140025640402645195E-02
   15.03329638      -0.136994342666360396E-02   0.246747440986639201E-02
   15.03329638      -0.515639816946347187E-03   0.116173381715313213E-02
   15.03329638      -0.452734470288465715E-03   0.175503184416496340E-02
   15.06651917      -0.176443100879808672E-02   0.233490571758059907E-02
   15.06651917      -0.363292091682024688E-03   0.996832266069109466E-03
   15.06651917       0.134647870648342376E-03   0.118519794711061176E-02
   15.09966887      -0.214248005335121970E-02   0.156879996902715285E-02
   15.09966887      -0.131105405658352094E-02   0.158885527030034560E-02
   15.13274595      -0.150856918867212195E-02   0.121598731831897597E-02
   15.13274595      -0.915909549707846207E-03   0.208785078599749195E-02
   15.13274595       0.319488385645605444E-03   0.112012500526388072E-02
   15.16575089      -0.266190529921440152E-02   0.125610158504645760E-02
   15.16575089      -0.213402235315149911E-02   0.200781837682886865E-02
   15.16575089      -0.165118289245745706E-02   0.126066435197259418E-02
   15.16575089       0.991806461083626599E-03   0.135305454668375232E-02
   15.16575089       0.120261499856874187E-02   0.135285280669059636E-02
   15.23154621      -0.322828961340018705E-04   0.131761256226252291E-02
   15.26433752      -0.395767817591118672E-02   0.181130239885657894E-02
   15.26433752      -0.809097068398270062E-03   0.105199512893196711E-02
   15.26433752      -0.198210756147742823E-03   0.116377806969265580E-02
   15.26433752       0.592486518543821304E-04   0.140523900715906497E-02
   15.29705854      -0.109651614630950061E-02   0.101777173625919684E-02
   15.29705854      -0.726598710827600514E-03   0.200678587805120951E-02
   15.29705854      -0.749044803251049801E-04   0.120268581685977058E-02
   15.29705854      -0.738807070975113118E-04   0.123731663096736345E-02
   15.29705854       0.233164087116867653E-03   0.108378798731353617E-02
   15.32970972      -0.199104903277926145E-02   0.189749607701820327E-02
   15.36229150      -0.695570264971719435E-03   0.122290120601390166E-02
   15.36229150       0.134074438095332666E-02   0.144150872386725974E-02
   15.39480432      -0.214625701563840544E-02   0.146609810038564499E-02
   15.39480432       0.124580503546697398E-03   0.101184082372209570E-02
   15.39480432       0.108332292418766331E-02   0.117293097206839451E-02
   15.42724862      -0.256433473902198481E-02   0.164724397039755100E-02
   15.42724862       0.349950112827116921E-03   0.110833505823801208E-02
   15.52417470      -0.242084095878399973E-02   0.128614653512770642E-02
   15.52417470      -0.169371287380392374E-02   0.124195153419792421E-02
   15.52417470      -0.302406889312397884E-03   0.172209282821011739E-02
   15.52417470      -0.126744441576672612E-03   0.113547236665603323E-02
   15.55634919      -0.976733623897831863E-03   0.186851725267894752E-02
   15.55634919      -0.442552811728539556E-03   0.153642058888042959E-02
   15.55634919      -0.432861092117702885E-03   0.134262670003576891E-02
   15.55634919       0.573838318005596808E-04   0.100713412776566287E-02
   15.58845727      -0.194377043775197924E-02   0.105072512591253948E-02
   15.58845727      -0.790154195034703608E-03   0.173227789570802940E-02
   15.58845727      -0.657555666883120546E-03   0.224925732048788032E-02
   15.58845727      -0.459696420451584896E-03   0.155604780055501103E-02
   15.62049935      -0.481370992329829047E-03   0.113116569690056693E-02
   15.62049935       0.229871311770690843E-03   0.149442578485887035E-02
   15.65247584      -0.158569673556913917E-02   0.144861781571224268E-02
   15.65247584      -0.478099897423045006E-03   0.140397099236820350E-02
   15.65247584       0.193772204717198963E-03   0.126852000374275044E-02
   15.65247584       0.324556106267463295E-03   0.150434692145080991E-02
   15.68438714      -0.168437138453132089E-02   0.155131891572536434E-02
   15.68438714       0.419091966532128546E-03   0.117331356691494169E-02
   15.68438714       0.469023926161099905E-03   0.119836959040867932E-02
   15.68438714       0.123957855851044218E-02   0.157243681479427000E-02
   15.74801575      -0.247100252744486201E-02   0.118914992068640409E-02
   15.74801575       0.474050533993290290E-03   0.123288810743593332E-02
   15.77973384      -0.362440885551277604E-03   0.107778109476805916E-02
   15.77973384      -0.190598375323751401E-03   0.147507808827363916E-02
   15.77973384      -0.116995932938887114E-03   0.104004114107052572E-02
   15.77973384       0.142636326638123211E-02   0.143532385987299861E-02
   15.81138830      -0.136992089356282069E-02   0.144283935235536820E-02
   15.81138830      -0.370336498525830615E-03   0.107307948656726673E-02
   15.81138830       0.336790242826058746E-04   0.150132514015501365E-02
   15.81138830       0.400418379894191233E-03   0.140776175997049256E-02
   15.84297952      -0.399154283386880891E-03   0.121568131479209227E-02
   15.84297952       0.256641028032480144E-03   0.134124803941029335E-02
   15.84297952       0.114825482771923563E-02   0.113783387009995388E-02
   15.84297952       0.132515093133594910E-02   0.140387926226958649E-02
   15.90597372       0.824769753594617634E-05   0.121389341317995072E-02
   15.93737745      -0.128327813129260949E-02   0.100266859874445719E-02
   15.93737745      -0.117425257812207471E-02   0.136717278853282654E-02
   15.93737745      -0.101581726188313824E-02   0.105167423136802787E-02
   15.93737745      -0.894434599878106548E-03   0.108089230753976532E-02
   16.00000000      -0.151601139129141317E-02   0.335793346695373654E-02
   16.03121954      -0.251091117829160869E-02   0.133093392444653003E-02
   16.03121954      -0.217121435344018758E-02   0.165693681879815094E-02
   16.03121954      -0.668916307693510079E-03   0.286999306836677225E-02
   16.03121954      -0.351365177969028587E-04   0.124821408703496960E-02
   16.03121954       0.668389034969139265E-03   0.124510541081676021E-02
   16.06237840      -0.113119902057212717E-02   0.107127221897686600E-02
   16.06237840      -0.106829146786299170E-02   0.272016860053967031E-02
   16.06237840       0.168254685894346848E-02   0.129365949109731034E-02
   16.09347694      -0.251904892116732414E-02   0.129930433803024533E-02
   16.09347694      -0.439119997214171883E-03   0.997049881165506949E-03
   16.12451550      -0.543196295778682059E-03   0.138364657357891514E-02
   16.12451550      -0.293740878507116245E-03   0.242168664964018728E-02
   16.12451550       0.924836474544016990E-03   0.115370804854401997E-02
   16.15549442      -0.174568463914278986E-02   0.106926974635817955E-02
   16.15549442      -0.128600453449973342E-02   0.216100949363717647E-02
   16.15549442      -0.862289633216258532E-05   0.150021946294642220E-02
   16.15549442       0.167332627348392490E-03   0.117674577055858014E-02
   16.15549442       0.226036784546875913E-03   0.113515328366443056E-02
   16.18641406       0.262642854839545501E-03   0.126316239302494177E-02
   16.18641406       0.830601133038861867E-03   0.182303327831623285E-02
   16.24807681      -0.389944208178737237E-02   0.212022889808854888E-02
   16.24807681       0.210453177407980870E-03   0.107875754661770126E-02
   16.24807681       0.114251687736943914E-02   0.142013551214001041E-02
   16.27882060      -0.812641632236459598E-03   0.113571850466306738E-02
   16.27882060      -0.557492682975607202E-04   0.228151544479199449E-02
   16.27882060       0.547682198552716659E-03   0.172161320310825340E-02
   16.30950643      -0.260536766375633021E-02   0.156534467641015703E-02
   16.30950643      -0.199621573876854544E-02   0.212315849458771626E-02
   16.30950643      -0.288373785821327468E-03   0.107369848201451976E-02
   16.30950643      -0.249380519429720157E-04   0.145169803692681162E-02
   16.30950643       0.874806266853512052E-03   0.137696627032326733E-02
   16.34013464      -0.816577395158219269E-03   0.124282605421359546E-02
   16.34013464       0.601693870135470987E-03   0.130948793687248413E-02
   16.37070554      -0.340744116983482609E-02   0.135074114887971230E-02
   16.40121947      -0.306049649088316203E-02   0.182606762498387369E-02
   16.40121947       0.200628813318217900E-03   0.145078547516747655E-02
   16.40121947       0.201029012895564962E-03   0.102898811272825685E-02
   16.40121947       0.529675466018784177E-03   0.107458075430776306E-02
   16.40121947       0.655470540185934189E-03   0.140684143368146881E-02
   16.40121947       0.827075243425374942E-03   0.105455509238056846E-02
   16.43167673      -0.218637450371462171E-02   0.109238876684788913E-02
   16.43167673      -0.168165747219619147E-02   0.118416600315766744E-02
   16.43167673      -0.119976861167108914E-03   0.122026422545357203E-02
   16.43167673       0.136031066685893395E-02   0.117988108128968768E-02
   16.49242250      -0.876829182297439273E-03   0.201003627169846081E-02
   16.49242250       0.123231197597722117E-02   0.148605837034051797E-02
   16.52271164      -0.692474144740879653E-03   0.170991008640602690E-02
   16.52271164      -0.574161042082977410E-03   0.119218164203188323E-02
   16.55294536      -0.236515886433540448E-02   0.190296114816656875E-02
   16.55294536      -0.957354426804266512E-03   0.157345031385892399E-02
   16.55294536       0.306429815189272628E-03   0.128446836809391926E-02
   16.55294536       0.596500705551783472E-03   0.120590747930257483E-02
   16.58312395      -0.180305862582358974E-02   0.170700328031658300E-02
   16.58312395      -0.633103451989430136E-03   0.133584216025849924E-02
   16.58312395      -0.468408932405578980E-03   0.102171810768013978E-02
   16.61324773      -0.170090651315755580E-02   0.165159792655706229E-02
   16.61324773      -0.845629329785609822E-03   0.109446834877593817E-02
   16.64331698      -0.182021665756857591E-02   0.126400024031252285E-02
   16.64331698      -0.688932633063888376E-04   0.150090470673659238E-02
   16.67333200      -0.924447826774613189E-03   0.104579161181303504E-02
   16.67333200      -0.692433686612644022E-03   0.118942014781912809E-02
   16.67333200       0.154675286317354325E-03   0.130211301583712169E-02
   16.67333200       0.749182682229703649E-03   0.133704409752035151E-02
   16.73320053       0.578322220602131218E-03   0.109982434009860889E-02
   16.76305461      -0.235679467981920803E-02   0.114526068034765771E-02
   16.76305461      -0.174327957521670882E-02   0.161040278614449253E-02
   16.76305461      -0.975644617643880931E-03   0.191162165886300610E-02
   16.76305461      -0.303811526218253618E-03   0.110950726529409922E-02
   16.76305461       0.816206632975236988E-03   0.167909153287375376E-02
   16.76305461       0.151053676979451008E-02   0.125696286468083489E-02
   16.79285562       0.384575656862380308E-03   0.163003256381125073E-02
   16.79285562       0.411805451994734072E-03   0.112455492824688435E-02
   16.82260384      -0.165388552950103233E-02   0.113823582085856322E-02
   16.82260384       0.138319335651082998E-02   0.145131880395909033E-02
   16.88194302      -0.135688533668004729E-02   0.149006958222858490E-02
   16.88194302      -0.845103154467245245E-03   0.109326935461092180E-02
   16.88194302      -0.805909904001899432E-03   0.113045150563565377E-02
   16.88194302       0.561090896717832566E-03   0.130035917685234945E-02
   16.91153453      -0.227366478913397854E-02   0.143893401813322886E-02
   16.91153453       0.422231812254657973E-03   0.102940412090029069E-02
   16.91153453       0.879586632403092043E-03   0.101781080759969162E-02
   16.97056275      -0.228663382346521935E-02   0.187890006740704541E-02
   16.97056275       0.103611627459360882E-02   0.189169056864578575E-02
   17.00000000      -0.220983300770221996E-02   0.157953404473357736E-02
   17.00000000       0.404076286428920253E-03   0.162724536640945815E-02
   17.00000000       0.181173166412948883E-02   0.141105561253025702E-02
   17.02938637      -0.230310800836271753E-02   0.146099395998239463E-02
   17.02938637      -0.210486754678680579E-02   0.118345325204960612E-02
   17.02938637      -0.100538956323504951E-02   0.141574734041884196E-02
   17.02938637       0.194767420413700584E-03   0.160789227369132447E-02
   17.02938637       0.983623066847068121E-03   0.122848867742401512E-02
   17.05872211       0.856684380417891550E-04   0.139397895764515191E-02
   17.05872211       0.924213487007898103E-03   0.120793864755601422E-02
   17.08800749      -0.795232088647258037E-03   0.179091558342692452E-02
   17.08800749       0.150046970299301920E-02   0.156888182445040904E-02
   17.11724277      -0.770320626878102281E-03   0.158720425073910162E-02
   17.11724277      -0.428587067518730646E-03   0.119332048762689664E-02
   17.11724277      -0.312884473249064104E-03   0.115981079496609712E-02
   17.11724277       0.226864672284644419E-03   0.111347997732839975E-02
   17.14642820      -0.162305908783176556E-02   0.128647074594538582E-02
   17.14642820       0.133591559980188700E-04   0.979994527909261968E-03
   17.14642820       0.514358731139362944E-03   0.133098922619432920E-02
   17.20465053      -0.139160804541944936E-02   0.135875083944579427E-02
   17.20465053      -0.393248117581101661E-03   0.998650079277423400E-03
   17.20465053      -0.609404356197709371E-04   0.150848476817752185E-02
   17.23368794      -0.291056897252919659E-02   0.148017200345957386E-02
   17.23368794      -0.222446830043348132E-02   0.171250854454276609E-02
   17.23368794      -0.382531219330966123E-03   0.125998923783564158E-02
   17.23368794      -0.124914010890741708E-04   0.147737563524871318E-02
   17.23368794       0.168823462904808558E-02   0.130519090512980327E-02
   17.26267650      -0.639456149324767013E-03   0.113308642919094467E-02
   17.29161647      -0.179639265244946225E-02   0.118921628419863044E-02
   17.29161647       0.845386018138090042E-03   0.130413271595189624E-02
   17.29161647       0.975402738010900001E-03   0.105895013799770215E-02
   17.32050808      -0.161805507017268556E-03   0.125663641147368845E-02
   17.32050808       0.151551971468997268E-02   0.192627441579197567E-02
   17.34935157      -0.212521418010706755E-02   0.127811545414772726E-02
   17.34935157       0.595874755609630997E-03   0.115282248228155667E-02
   17.37814720      -0.110278399188628445E-03   0.127016507312547504E-02
   17.37814720      -0.984291584945934557E-04   0.102890400237353494E-02
   17.43559577       0.364566352632598664E-03   0.141640180099372390E-02
   17.46424920      -0.191310360556285223E-02   0.180322452261148531E-02
   17.46424920      -0.180937288214062949E-02   0.124220221485505278E-02
   17.46424920       0.587907223060687685E-03   0.121683643788088975E-02
   17.46424920       0.111792125267248538E-02   0.943343488250850148E-03
   17.49285568      -0.245169075479694399E-02   0.175567818697962242E-02
   17.49285568      -0.153306043017806129E-02   0.153545676338601861E-02
   17.49285568      -0.805873895110821754E-03   0.156595890999678376E-02
   17.49285568       0.568045989767018873E-03   0.121639777082657328E-02
   17.49285568       0.621326036129624852E-03   0.130420346711343916E-02
   17.49285568       0.124744041493931061E-02   0.144558999002575858E-02
   17.52141547       0.121268333657322588E-03   0.129585034097761255E-02
   17.54992877      -0.221364102762836544E-02   0.136638722254361304E-02
   17.54992877       0.125035814062845856E-02   0.128936364949717758E-02
   17.57839583      -0.130877492697524913E-02   0.132979216318055392E-02
   17.57839583      -0.724015252088804637E-03   0.120078419989277322E-02
   17.60681686      -0.198618447831625270E-02   0.127614497758363416E-02
   17.60681686       0.354813671761991783E-03   0.109774670009007307E-02
   17.66352173       0.250246112983749502E-03   0.120235021959858327E-02
   17.69180601       0.189619331230830987E-03   0.100667698420491480E-02
   17.69180601       0.486681342105333521E-03   0.149142131271896481E-02
   17.69180601       0.559369638929282844E-03   0.184598600664267858E-02
   17.72004515      -0.151152625799980751E-02   0.130434209962687294E-02
   17.72004515      -0.148188182322367022E-02   0.123598678339665669E-02
   17.72004515       0.120800825667748265E-03   0.124559177243493253E-02
   17.72004515       0.821506565157746399E-03   0.164355646426343001E-02
   17.72004515       0.142561170353473982E-02   0.128285100499211783E-02
   17.74823935       0.236377421637726324E-03   0.119786705557818661E-02
   17.74823935       0.478035113373534871E-03   0.114159996803694756E-02
   17.80449381      -0.305416169987164209E-02   0.146645454654813386E-02
   17.80449381      -0.323707969515201963E-03   0.148675779180412401E-02
   17.80449381       0.116133014274027481E-02   0.157864253664516700E-02
   17.83255450      -0.263156158041850073E-03   0.133614281662860698E-02
   17.83255450       0.915447586423293394E-03   0.106552891019129218E-02
   17.88854382      -0.228012377566930418E-02   0.182974506102611149E-02
   17.91647287      -0.311597855886912734E-02   0.137339309494315239E-02
   17.91647287      -0.889176991652526789E-03   0.163329452846985466E-02
   17.91647287      -0.296884301947391432E-03   0.154635159747923195E-02
   17.91647287       0.545475127664110312E-03   0.105500070569182697E-02
   17.91647287       0.630645173897089427E-03   0.151517390749517501E-02
   17.94435844      -0.111669738537183236E-03   0.120353231293219795E-02
   17.94435844       0.994536928531186259E-03   0.144446095788730708E-02
   17.97220076      -0.162167506968842684E-02   0.147125184941598896E-02
   17.97220076      -0.805602122677803126E-03   0.128944888500977912E-02
   18.00000000      -0.818583857630115477E-03   0.132097418447106097E-02
   18.00000000      -0.627670205685545513E-03   0.135780168469837770E-02
   18.00000000       0.592602097907195605E-03   0.138589672257118969E-02
   18.02775638      -0.708946897528379971E-03   0.153980987697433457E-02
   18.02775638      -0.662805637187324857E-03   0.119155481430493408E-02
   18.02775638       0.218104561183420044E-03   0.124960777846921706E-02
   18.05547009      -0.792723757373879276E-03   0.139611732775973742E-02
   18.05547009       0.251984220934492291E-03   0.113531070216509565E-02
   18.05547009       0.728745569058006706E-03   0.104190909306342040E-02
   18.05547009       0.124928600220210228E-02   0.145648869610302801E-02
   18.11077028      -0.317747939986195603E-02   0.154781286111437140E-02
   18.13835715      -0.105430901205382302E-02   0.128721882959306755E-02
   18.13835715      -0.151054931127959750E-03   0.130866326676586596E-02
   18.13835715      -0.400663444196339320E-04   0.125530564070212760E-02
   18.13835715       0.584929015079352788E-03   0.132471271444264765E-02
   18.16590212      -0.219567984942110536E-02   0.131585179059990004E-02
   18.19340540      -0.101946980720817883E-02   0.115525631881025306E-02
   18.19340540       0.438342178781963177E-03   0.147276734854500020E-02
   18.22086716       0.726514623425730029E-03   0.103778980504588250E-02
   18.24828759       0.250282751466843830E-03   0.123505935257690945E-02
   18.24828759       0.132646020969559618E-02   0.121170480821469057E-02
   18.27566688       0.120586580829752221E-02   0.124912700787229857E-02
   18.33030278      -0.297479959318510973E-02   0.142923630405756598E-02
   18.35755975      -0.233069317233011372E-03   0.179796208226919380E-02
   18.35755975      -0.171389178026466488E-03   0.144215028607923659E-02
   18.38477631      -0.116602519621787463E-02   0.136585696415271463E-02
   18.38477631       0.151114999413938696E-03   0.142582587429686508E-02
   18.38477631       0.477400113018744757E-03   0.153261758275176005E-02
   18.38477631       0.179303142495667710E-02   0.208891792016557441E-02
   18.41195264      -0.288233475111416074E-03   0.121643978420643280E-02
   18.41195264       0.320651690050262296E-02   0.185525792923063896E-02
   18.43908891       0.271662047178091934E-03   0.169644686151183008E-02
   18.46618531      -0.197577491475250944E-02   0.144680393763981169E-02
   18.46618531      -0.108311495772391714E-02   0.124380679683210624E-02
   18.46618531      -0.127790130489811686E-03   0.123119502480818267E-02
   18.46618531       0.101136571732085264E-02   0.146082983629068066E-02
   18.46618531       0.107102743942377623E-02   0.124549167768659764E-02
   18.49324201      -0.117864903866987886E-02   0.159153269370075580E-02
   18.49324201      -0.603398295280251854E-03   0.115010028084957714E-02
   18.49324201      -0.526949892943853922E-04   0.107594338134673240E-02
   18.49324201       0.205909446528613430E-02   0.172521652025175629E-02
   18.54723699      -0.152537021497315111E-03   0.133010292916923103E-02
   18.54723699       0.168178834048882467E-02   0.151694605120437183E-02
   18.57417562      -0.222060879723104052E-02   0.136722321387182637E-02
   18.57417562       0.872112283273394732E-04   0.102657990462380892E-02
   18.60107524      -0.110045640971434652E-02   0.125221113538571895E-02
   18.60107524      -0.968118352593775808E-03   0.123892498141556576E-02
   18.60107524      -0.498120285532316007E-03   0.153131596716817313E-02
   18.62793601      -0.508837915391252647E-03   0.137743945221225446E-02
   18.62793601       0.675443752067787133E-03   0.152504518312941619E-02
   18.68154169      -0.212362027949708531E-03   0.137799573812782484E-02
   18.68154169       0.184898195742760657E-02   0.140924596172120023E-02
   18.70828693       0.123291708519513224E-03   0.153384861122843547E-02
   18.70828693       0.295652931681873558E-03   0.129187468360289644E-02
   18.70828693       0.813651438751884738E-03   0.120164012774811473E-02
   18.76166304      -0.853536586083185897E-03   0.131668082765117153E-02
   18.78829423      -0.147323191935858338E-02   0.134245991934623223E-02
   18.78829423      -0.123033403462476966E-02   0.150760615065374760E-02
   18.78829423       0.260656462496108420E-03   0.108257649882649467E-02
   18.81488772      -0.101548640704654742E-02   0.179474874246063213E-02
   18.81488772       0.951318078731768109E-04   0.116280144062251914E-02
   18.81488772       0.437115115331084166E-03   0.137743430406971046E-02
   18.84144368      -0.424796429728156125E-04   0.117396111808265938E-02
   18.84144368       0.120230931946467643E-02   0.153346246987360333E-02
   18.86796226      -0.134264132640916087E-02   0.141748775940866772E-02
   18.86796226       0.423806537401553041E-03   0.131531747836751084E-02
   18.86796226       0.125702898534069216E-02   0.164586036445533990E-02
   18.89444363      -0.401559910418111459E-03   0.144200079851085480E-02
   18.92088793      -0.707816504009150388E-03   0.150566837118256010E-02
   18.97366596      -0.702667303058825566E-03   0.139099031351260080E-02
   18.97366596       0.538292917497659772E-04   0.107380700962231247E-02
   19.00000000       0.606533857697451068E-03   0.117042193126716087E-02
   19.02629759      -0.116748500346445291E-02   0.138286030973466833E-02
   19.02629759      -0.339000144055405517E-03   0.124630170852648705E-02
   19.02629759       0.431130563381361583E-03   0.136451622486162029E-02
   19.05255888      -0.684031517477748136E-03   0.149898109540135514E-02
   19.05255888      -0.583973083824282369E-03   0.187217711000489347E-02
   19.10497317      -0.348520799070135313E-03   0.144450650660205081E-02
   19.10497317       0.124422544008769356E-03   0.134142257228395817E-02
   19.10497317       0.150024057118201132E-03   0.143281026363714648E-02
   19.10497317       0.336529837179224463E-02   0.203426712060257630E-02
   19.13112647       0.112322500938332685E-03   0.105917235663262701E-02
   19.13112647       0.464263057806473152E-02   0.178726488172933668E-02
   19.20937271      -0.116278711971644529E-02   0.162092570193162161E-02
   19.20937271      -0.106841410247511797E-02   0.141089019367329543E-02
   19.20937271       0.470800406719024296E-03   0.140333670446834849E-02
   19.20937271       0.133404546676709401E-02   0.169266486902830112E-02
   19.20937271       0.335381724892953826E-02   0.164170686092817049E-02
   19.23538406      -0.297152677805571832E-03   0.129129507164880367E-02
   19.23538406       0.788255835947036711E-03   0.150448911970104218E-02
   19.26136028      -0.873738677418163870E-03   0.120842337966553201E-02
   19.26136028      -0.539305726241302245E-03   0.117857445761531082E-02
   19.28730152       0.185212803809430612E-03   0.147311491968993725E-02
   19.31320792      -0.616428860504172069E-03   0.133888618672457077E-02
   19.31320792       0.138888039987559845E-02   0.156542152513309022E-02
   19.33907961      -0.813143676204662689E-04   0.147731734327241236E-02
   19.33907961       0.107897076771669778E-03   0.112001245777080811E-02
   19.33907961       0.186571653795676541E-02   0.143705223732141932E-02
   19.39071943       0.592538978124685506E-03   0.130431456619615701E-02
   19.41648784      -0.583429657960698837E-03   0.114650799877888160E-02
   19.41648784      -0.402962740548448283E-03   0.134030649200906097E-02
   19.41648784      -0.151699964116975856E-03   0.158990646856758326E-02
   19.44222210      -0.898555063528670706E-03   0.145087255575045387E-02
   19.44222210       0.131489310754315876E-02   0.152818189329014518E-02
   19.51922130      -0.600625673257758601E-03   0.154535264465081694E-02
   19.51922130       0.247728399064466595E-03   0.106310056113191067E-02
   19.51922130       0.573426273801550153E-03   0.148453879186316953E-02
   19.51922130       0.183270922231242267E-02   0.132260690235442300E-02
   19.54482029      -0.302885068351241684E-03   0.119309796121713362E-02
   19.59591794      -0.114524433384204571E-02   0.174220174648337216E-02
   19.62141687       0.419284609103203658E-03   0.150901150841803422E-02
   19.64688270      -0.130185418765181539E-02   0.169615590133498969E-02
   19.64688270      -0.451786840781041388E-03   0.132771169600437574E-02
   19.64688270      -0.725420805345749781E-04   0.164566109432641178E-02
   19.67231557      -0.136607001273954167E-02   0.146487162887393770E-02
   19.67231557       0.660581653651914642E-03   0.136409350806281234E-02
   19.69771560      -0.102028801276694836E-04   0.155073479239037208E-02
   19.72308292      -0.108762150559946983E-03   0.113252159268617297E-02
   19.72308292       0.913360822623747763E-03   0.112170716113435954E-02
   19.74841766       0.166718785099424435E-03   0.133811365316748314E-02
   19.74841766       0.961517462335436703E-03   0.140230518787951681E-02
   19.79898987       0.146512162464032362E-03   0.138006714020524304E-02
   19.79898987       0.626461499998154890E-02   0.239204091467875961E-02
   19.82422760      -0.112571155368273480E-03   0.156241386045742159E-02
   19.82422760       0.673814231022698638E-02   0.215575985609558563E-02
   19.84943324      -0.161554209659497787E-02   0.125693478986634868E-02
   19.84943324      -0.235746099626230228E-03   0.136823922931826950E-02
   19.84943324       0.288056795663408109E-02   0.205554225402349976E-02
   19.87460691      -0.276738095790591936E-03   0.113462384994862425E-02
   19.87460691       0.312859634463778444E-02   0.185292896761965367E-02
   19.89974874      -0.743353413594060458E-04   0.148638788382636196E-02
   19.89974874       0.508024075546534802E-02   0.192033982454018620E-02
   19.94993734      -0.322253169830598145E-03   0.113281522398514761E-02
   19.94993734       0.259864065125803073E-02   0.171565339760663504E-02
   20.00000000       0.299728515832787916E-04   0.205859516267617622E-02
   20.02498439      -0.949311402580897863E-04   0.149276771287910111E-02
   20.02498439       0.172889197473621511E-03   0.181846337876760493E-02
   20.02498439       0.274636538121619291E-03   0.138089233622536883E-02
   20.02498439       0.313277622179745094E-02   0.170643917560866338E-02
   20.04993766      -0.113217894894683622E-02   0.153913122423888723E-02
   20.04993766       0.122258781789687330E-03   0.122501179331396164E-02
   20.07485990       0.174155129070499917E-02   0.155197442392098796E-02
   20.09975124       0.863068271567347858E-04   0.102562507579779518E-02
   20.09975124       0.107459192224381751E-02   0.177129398477298425E-02
   20.12461180      -0.265647358714675517E-03   0.129204492574907224E-02
   20.12461180      -0.841597797559239923E-04   0.123424152375440168E-02
   20.14944168      -0.737044193652681631E-03   0.128731570750611471E-02
   20.19900988       0.209600054908665569E-02   0.142613641658443876E-02
   20.22374842      -0.106603881000987737E-02   0.171023293883986903E-02
   20.22374842       0.757197975712373779E-03   0.163104866795203999E-02
   20.24845673      -0.678486165972512489E-04   0.116810612998534684E-02
   20.24845673       0.150870041272568520E-02   0.141968668174017264E-02
   20.27313493       0.944534654964070304E-04   0.161438791642119100E-02
   20.32240143      -0.926032851031462125E-03   0.143722039170092312E-02
   20.32240143      -0.513279155886935904E-03   0.137992745540457904E-02
   20.34698995       0.925282988185333185E-03   0.130095100664446390E-02
   20.39607805       0.289915034034790575E-03   0.159006372628416807E-02
   20.42057786      -0.889735566609079105E-04   0.132261573474413171E-02
   20.42057786       0.239283614165869060E-02   0.142806330227275655E-02
   20.44504830      -0.677617019132709456E-04   0.157976927138531870E-02
   20.44504830       0.599128808018743698E-03   0.125555519691738647E-02
   20.46948949      -0.148205990330620694E-02   0.140270285468420668E-02
   20.46948949       0.794676693924894128E-03   0.143478465885693140E-02
   20.49390153      -0.223694318189960467E-03   0.123601002442176350E-02
   20.51828453      -0.102486425816194007E-02   0.121554686662767551E-02
   20.51828453       0.399067806677599196E-02   0.248953082234857877E-02
   20.54263858       0.507600292157058767E-02   0.220061303837658373E-02
   20.61552813      -0.724123256931568163E-03   0.160014919465616395E-02
   20.61552813      -0.312318271556566961E-03   0.151762929248958458E-02
   20.61552813       0.131636024944935780E-02   0.239228589439052699E-02
   20.61552813       0.376913355521213845E-02   0.198445229978822229E-02
   20.63976744      -0.141306994206332609E-03   0.122930985007301875E-02
   20.63976744       0.205281923430638506E-02   0.217402491521451625E-02
   20.66397832      -0.789950111667195223E-03   0.128548398186935061E-02
   20.68816087       0.123191231491685382E-02   0.142941369161060368E-02
   20.71231518       0.187859510466802798E-03   0.122569422528786155E-02
   20.71231518       0.199673091030946794E-02   0.198995050099534101E-02
   20.73644135       0.128371797354121051E-03   0.139620953298785918E-02
   20.73644135       0.303111435498698480E-02   0.180428494664345218E-02
   20.78460969      -0.178010575728446835E-03   0.206021449856626584E-02
   20.80865205       0.155368755405472679E-03   0.126585683332806486E-02
   20.83266666       0.315496712224799716E-03   0.163506828695897432E-02
   20.83266666       0.138896520331595807E-02   0.181933008148503646E-02
   20.88061302       0.262234719876301443E-03   0.144225457194023824E-02
   20.90454496      -0.120514114277643202E-02   0.152127622870749674E-02
   20.90454496       0.146774067392274176E-02   0.160847420243717806E-02
   20.92844954      -0.620216327587937719E-03   0.152193242421166399E-02
   20.92844954       0.299660801144574062E-03   0.156544439818328694E-02
   20.97617696      -0.252495110191728721E-03   0.137523472761120276E-02
   21.00000000       0.417914481338929351E-03   0.142163706753728404E-02
   21.00000000       0.754928064166594109E-03   0.166607645099368039E-02
   21.00000000       0.841522279442972272E-03   0.125534718280294485E-02
   21.04756518       0.947591971724795912E-03   0.143562310281046502E-02
   21.11871208      -0.453495139206228732E-03   0.155776307914866200E-02
   21.11871208      -0.426039343670067466E-03   0.141307494676819363E-02
   21.11871208       0.145305576723335321E-02   0.157884510106105292E-02
   21.18962010      -0.138341851968816834E-03   0.151871648065118208E-02
   21.21320344      -0.777332063723221514E-03   0.132204739251058439E-02
   21.21320344       0.748401660145997863E-03   0.166221313015133421E-02
   21.21320344       0.287142588514870470E-02   0.290084771972466161E-02
   21.23676058       0.453282356298237953E-02   0.267070298126081788E-02
   21.26029163       0.363946830063830882E-02   0.277976495306750610E-02
   21.28379665       0.395339286342417592E-02   0.241279470232732803E-02
   21.30727575       0.366622866410662397E-02   0.239229117855576040E-02
   21.35415650      -0.659075431217748860E-03   0.175039008184847407E-02
   21.35415650      -0.286986718146904716E-03   0.141045086696385677E-02
   21.35415650       0.301749202191021635E-02   0.219560333446344258E-02
   21.37755833       0.991262297670007266E-03   0.192579249287403061E-02
   21.37755833       0.109202835730405905E-02   0.150873110504017678E-02
   21.40093456      -0.118632543463727171E-03   0.144091926760216106E-02
   21.40093456       0.260480242637796140E-03   0.134195233193719126E-02
   21.42428529       0.105341340634474280E-02   0.165051195637049182E-02
   21.42428529       0.198490356683356673E-02   0.227576434889742831E-02
   21.47091055       0.465179833096847828E-03   0.153452618598580210E-02
   21.47091055       0.812068071515929021E-03   0.151832619919100610E-02
   21.47091055       0.174211440999206624E-02   0.199343982050515780E-02
   21.54065923       0.827399290603241704E-03   0.147637724298737487E-02
   21.56385865      -0.817140599961018203E-03   0.156809604126068860E-02
   21.58703314       0.954879054011126575E-03   0.202056515461635682E-02
   21.61018278      -0.338257118569090538E-04   0.179136763313002593E-02
   21.63330765       0.702504093823087057E-03   0.181399729267769862E-02
   21.65640783      -0.270555736698331259E-03   0.144039449937539087E-02
   21.67948339       0.654025063395423053E-03   0.160217893437004911E-02
   21.74856317      -0.896385634396182265E-03   0.151574393994839316E-02
   21.77154106       0.941054862390157745E-05   0.166216208302371487E-02
   21.79449472      -0.112437817171801295E-02   0.140704049187793771E-02
   21.79449472       0.176394282148334717E-03   0.183526238479706969E-02
   21.84032967      -0.124186750514761537E-03   0.169736878410076011E-02
   21.84032967       0.148073455513781857E-02   0.181352140905486443E-02
   21.93171220      -0.126783011925597766E-03   0.145220455432591451E-02
   21.93171220       0.477410950330051011E-02   0.322058618349946443E-02
   21.95449840       0.252967276509552834E-02   0.209683733280077418E-02
   21.95449840       0.414552578710922475E-02   0.294005482104569768E-02
   22.00000000       0.104508304467909856E-02   0.177217490852869157E-02
   22.02271555       0.360674783579756700E-03   0.158842426395776489E-02
   22.02271555       0.454023539564949157E-02   0.256862516268888553E-02
   22.04540769       0.379711752948625782E-03   0.177168202488153033E-02
   22.04540769       0.938797180304481744E-03   0.167847209976114973E-02
   22.09072203       0.673116006611385997E-03   0.153810609214296884E-02
   22.11334439       0.176114223404947971E-03   0.145830307752031307E-02
   22.13594362       0.650702192791130247E-03   0.159425229745318144E-02
   22.13594362       0.203680192643225077E-02   0.240929988864674533E-02
   22.18107301      -0.152366090639289090E-02   0.167207828467411199E-02
   22.22611077      -0.109065412337904389E-02   0.163772442617500318E-02
   22.29349681       0.621711747578212494E-03   0.230240803076798293E-02
   22.31591360       0.304527908899468350E-03   0.184312305183967134E-02
   22.33830790       0.246945270068685881E-03   0.184091588222673463E-02
   22.36067977      -0.104475617222282648E-02   0.161533212597325714E-02
   22.38302929      -0.315297289800203231E-03   0.170403756726167474E-02
   22.40535650      -0.442710453302337529E-03   0.161813813408683374E-02
   22.49444376      -0.118630501218612442E-02   0.151935333486324605E-02
   22.49444376       0.165268011047179763E-03   0.209949738258554926E-02
   22.51666050       0.295684481568849432E-02   0.261575613636274261E-02
   22.56102835       0.220358063998738526E-02   0.191806338495064364E-02
   22.62741700       0.462253073959818708E-02   0.390885296424213404E-02
   22.64950331      -0.133830046907241693E-03   0.162359269301286463E-02
   22.64950331       0.175046912991570986E-02   0.188352780152067391E-02
   22.64950331       0.392715923694883853E-02   0.352093620691208741E-02
   22.67156810       0.242008620747443184E-04   0.184637838154821346E-02
   22.69361144       0.601847684199636156E-03   0.174560288763207609E-02
   22.71563338      -0.183972119467209149E-03   0.182335872802859614E-02
   22.71563338       0.473470584216814823E-02   0.309699742337369872E-02
   22.73763400       0.323100882482005650E-03   0.186724525837623492E-02
   22.82542442      -0.153300940750093588E-02   0.184597150626247949E-02
   22.82542442      -0.286114138626260934E-03   0.175396934181436259E-02
   22.82542442       0.113457751761754985E-02   0.287987395474893900E-02
   22.91287847      -0.155393020495399217E-02   0.174871792955994042E-02
   22.97825059      -0.620038688140715907E-03   0.270178963841729647E-02
   23.02172887      -0.870812087576162573E-04   0.202582009049862358E-02
   23.04343724      -0.593966916687889901E-03   0.212181412387932398E-02
   23.08679276      -0.748119446114002724E-03   0.188838055479131255E-02
   23.10844002       0.195685543413945916E-02   0.217493573348431606E-02
   23.15167381       0.255375853672946485E-02   0.196762963406194383E-02
   23.17326045      -0.913169222360397589E-03   0.255025773499379738E-02
   23.19482701       0.659233154660648826E-03   0.177731240009510057E-02
   23.28089345      -0.195418350116299822E-03   0.193918833239661143E-02
   23.32380758      -0.103751294830836931E-02   0.177573664026198642E-02
   23.34523506      -0.108343288342699243E-02   0.199999471849787031E-02
   23.36664289      -0.833749424464916614E-03   0.186233568801112324E-02
   23.40939982       0.449978579102700005E-03   0.220962844325464560E-02
   23.45207880      -0.221842494797480725E-02   0.216182151873716083E-02
   23.49468025      -0.126476112960324447E-02   0.200098155680496562E-02
   23.68543856       0.236203139108258483E-03   0.228973688382538409E-02
   23.68543856       0.987412130989277596E-03   0.251848676708380350E-02
   23.70653918      -0.511468141086989046E-03   0.229964415570707093E-02
   23.72762104       0.120679279679637166E-02   0.196860805539636865E-02
   23.76972865       0.447773571056392112E-03   0.197737922494239287E-02
   23.85372088      -0.625091395382226019E-03   0.181446149417080461E-02
   23.89560629      -0.266897424015107281E-02   0.215610925462698120E-02
   23.93741841      -0.142070849409528565E-02   0.203022900417437887E-02
   24.00000000      -0.243815813737214030E-02   0.245443373946167874E-02
   24.10394159      -0.210503606715653838E-02   0.238271559744567072E-02
   24.24871131      -0.341135757751056569E-03   0.276369203866410826E-02
   24.28991560      -0.223283636639375884E-03   0.226458903925938915E-02
   24.35159132      -0.127928449766452862E-02   0.273183799614351141E-02
   24.37211521      -0.282821513355925201E-02   0.219208404389181332E-02
   24.37211521       0.492791181128555966E-03   0.220884241684347112E-02
   24.41311123      -0.788332439952061856E-03   0.200874796065819749E-02
   24.53568829      -0.372642629331015711E-02   0.229630703070684552E-02
   24.73863375      -0.247337851954958915E-02   0.269138340797220712E-02
   24.83948470      -0.636004145736354318E-04   0.277807780281764819E-02
   24.87971061      -0.156178799941051509E-02   0.257024888409022965E-02
   24.91987159      -0.604329625383570254E-03   0.244626282021805129E-02
   25.00000000      -0.320260502599571412E-02   0.226909261444291875E-02
   25.15949125      -0.501397971887322571E-02   0.270187440093640251E-02
   25.41653005      -0.566756037466174117E-03   0.318078635262415135E-02
   25.45584412       0.167394115562761146E-03   0.305749516957250873E-02
   25.49509757      -0.269459662928689565E-02   0.282649219066846615E-02
   25.61249695      -0.457624710682480191E-02   0.278654862188408960E-02
   25.98076211      -0.284708525898977154E-02   0.376900986299158903E-02
   26.01922366      -0.989552644434737658E-03   0.349726828497027306E-02
   26.09597670      -0.526747972657883555E-02   0.316354410120262474E-02
   26.57066051      -0.356022516868472264E-02   0.416815846790627616E-02
   26.60826939      -0.157006941746255617E-02   0.373526073680828215E-02
   27.14774392      -0.510552532216096422E-02   0.473599558813548715E-02
   27.71281292      -0.738335930110977853E-02   0.568451609545277993E-02
